3.942099999999999937e+00 2.012145564879643661e-02 0.000000000000000000e+00 1.525883521352657327e-02
3.926900000000000279e+00 2.010239231291019793e-02 0.000000000000000000e+00 1.494831327511974596e-02
3.912199999999999900e+00 2.011540298814483430e-02 0.000000000000000000e+00 1.495212924574825311e-02
3.896999999999999797e+00 2.011132268881492616e-02 0.000000000000000000e+00 1.520023124724116659e-02
3.881800000000000139e+00 2.013887831143530704e-02 0.000000000000000000e+00 1.494829622588689580e-02
3.867100000000000204e+00 2.009567492383042275e-02 0.000000000000000000e+00 1.495215665742487612e-02
3.851900000000000102e+00 2.011728419840757773e-02 0.000000000000000000e+00 1.520023669414748667e-02
3.836700000000000443e+00 2.011199130761972403e-02 0.000000000000000000e+00 1.494827883641756776e-02
3.822000000000000064e+00 2.010945969927098800e-02 0.000000000000000000e+00 1.470021745883901866e-02
3.807299999999999685e+00 2.011670590327011357e-02 0.000000000000000000e+00 1.495219410089333040e-02
3.792100000000000026e+00 2.012800707914996767e-02 0.000000000000000000e+00 1.520024421828635938e-02
3.776899999999999480e+00 2.010409528758758807e-02 0.000000000000000000e+00 1.494825523725892315e-02
3.762199999999999989e+00 2.012132217355337357e-02 0.000000000000000000e+00 1.495222320339990862e-02
3.746999999999999886e+00 2.012270852347389227e-02 0.000000000000000000e+00 1.520025013273095318e-02
3.731799999999999784e+00 2.012108305045568271e-02 0.000000000000000000e+00 1.494823701727681156e-02
3.717100000000000293e+00 2.010303686738514756e-02 0.000000000000000000e+00 1.495225308091329558e-02
3.701900000000000190e+00 2.012487918481452656e-02 0.000000000000000000e+00 1.520025626466084412e-02
3.686700000000000088e+00 2.013199495347785944e-02 0.000000000000000000e+00 1.494821842248216480e-02
3.672000000000000597e+00 2.013805591524219299e-02 0.000000000000000000e+00 1.470023558824580176e-02
3.657300000000000217e+00 2.012322441411361004e-02 0.000000000000000000e+00 1.495229394530259680e-02
3.642100000000000115e+00 2.014697543185675621e-02 0.000000000000000000e+00 1.520026474916309940e-02
3.626900000000000013e+00 2.016474303035155000e-02 0.000000000000000000e+00 1.494819316957845222e-02
3.612200000000000077e+00 2.019157359884945352e-02 0.000000000000000000e+00 1.490190368327693957e-02
3.597100000000000630e+00 2.019192298302291758e-02 0.000000000000000000e+00 1.515068994145149853e-02
3.581900000000000084e+00 2.021485260236696724e-02 0.000000000000000000e+00 1.494817370242670571e-02
3.567200000000000593e+00 2.022859337071438932e-02 0.000000000000000000e+00 1.495235836383591345e-02
3.552000000000000046e+00 2.027920784549342575e-02 0.000000000000000000e+00 1.514984908633574753e-02
3.536900000000000155e+00 2.028910846267884677e-02 0.000000000000000000e+00 1.489857942787726000e-02
3.522199999999999775e+00 2.030535215706411045e-02 0.000000000000000000e+00 1.495239189715681129e-02
3.507000000000000117e+00 2.028961008953178435e-02 0.000000000000000000e+00 1.514985073163736123e-02
3.491899999999999782e+00 2.042050257704471072e-02 0.000000000000000000e+00 1.489856457312609128e-02
3.477199999999999847e+00 2.041919517438938944e-02 0.000000000000000000e+00 1.490198782817064166e-02
3.462099999999999955e+00 2.041319270546225473e-02 0.000000000000000000e+00 1.515072773479178049e-02
3.446899999999999853e+00 2.041831957222919533e-02 0.000000000000000000e+00 1.494811277729814550e-02
3.432199999999999918e+00 2.047394760766860916e-02 0.000000000000000000e+00 1.490201752878050380e-02
3.417100000000000026e+00 2.051312096465603488e-02 0.000000000000000000e+00 1.510029486548899146e-02
3.402000000000000135e+00 2.049271272850895775e-02 0.000000000000000000e+00 1.489853400051724744e-02
3.387300000000000200e+00 2.047345611463073992e-02 0.000000000000000000e+00 1.490204804754321696e-02
3.372199999999999864e+00 2.040605195923563681e-02 0.000000000000000000e+00 1.515075507744131737e-02
3.357000000000000206e+00 2.051544836630430843e-02 0.000000000000000000e+00 1.514985725905049554e-02
3.341899999999999871e+00 2.053446052847558365e-02 0.000000000000000000e+00 1.510030828529386644e-02
3.326799999999999979e+00 2.076275463426506540e-02 0.000000000000000000e+00 1.489850747020322018e-02
3.312100000000000044e+00 2.066798604919050514e-02 0.000000000000000000e+00 1.490210124938540909e-02
3.297000000000000153e+00 2.046935324912492471e-02 0.000000000000000000e+00 1.510031673937685566e-02
3.281900000000000261e+00 2.047943101123259751e-02 0.000000000000000000e+00 1.484804180167607728e-02
3.267300000000000093e+00 2.050059205295254317e-02 0.000000000000000000e+00 1.485257964153229200e-02
3.252200000000000202e+00 2.044464283754662132e-02 0.000000000000000000e+00 1.510032552602382644e-02
3.237099999999999866e+00 2.055413148718497965e-02 0.000000000000000000e+00 1.515079988776373010e-02
3.221900000000000208e+00 2.050245113835657412e-02 0.000000000000000000e+00 1.514986475419411588e-02
3.206799999999999873e+00 2.069354210533528096e-02 0.000000000000000000e+00 1.484800323184516310e-02
3.192200000000000149e+00 2.052494554201363466e-02 0.000000000000000000e+00 1.485264772844445066e-02
3.177099999999999813e+00 2.058272876611487792e-02 0.000000000000000000e+00 1.504986400803135643e-02
3.162099999999999689e+00 2.053629808687542496e-02 0.000000000000000000e+00 1.505081691467225445e-02
3.146999999999999797e+00 2.054425161315629952e-02 0.000000000000000000e+00 1.510034765409978483e-02
3.131899999999999906e+00 2.046306834774678715e-02 0.000000000000000000e+00 1.510035101458586000e-02
3.116800000000000015e+00 2.055947109298804018e-02 0.000000000000000000e+00 1.510035442403472906e-02
3.101700000000000124e+00 2.055124827360340148e-02 0.000000000000000000e+00 1.479747431211271731e-02
3.087200000000000166e+00 2.052133907711486960e-02 0.000000000000000000e+00 1.480321709060236635e-02
3.072099999999999831e+00 2.051381515097987218e-02 0.000000000000000000e+00 1.510036481327837674e-02
3.056999999999999940e+00 2.062108001802169521e-02 0.000000000000000000e+00 1.504987245391805305e-02
3.041999999999999815e+00 2.062819410291209798e-02 0.000000000000000000e+00 1.505086316152849310e-02
3.026899999999999924e+00 2.064669116684792263e-02 0.000000000000000000e+00 1.504987484888746160e-02
3.011899999999999800e+00 2.067527314410116945e-02 0.000000000000000000e+00 1.500037205183600043e-02
2.996900000000000119e+00 2.060845857834641554e-02 0.000000000000000000e+00 1.505088177956729473e-02
2.981799999999999784e+00 2.069441428126220228e-02 0.000000000000000000e+00 1.504987866838646687e-02
2.966800000000000104e+00 2.070027021891467436e-02 0.000000000000000000e+00 1.474787894259129740e-02
2.952300000000000146e+00 2.072328945555516194e-02 0.000000000000000000e+00 1.480338037603908322e-02
2.937199999999999811e+00 2.075498911080603595e-02 0.000000000000000000e+00 1.504988273603200845e-02
2.922200000000000131e+00 2.079446446801860859e-02 0.000000000000000000e+00 1.500039524405649520e-02
2.907200000000000006e+00 2.091107199275453118e-02 0.000000000000000000e+00 1.500039933329243465e-02
2.892199999999999882e+00 2.087612123289601940e-02 0.000000000000000000e+00 1.500040348632060427e-02
2.877200000000000202e+00 2.097086507860475638e-02 0.000000000000000000e+00 1.500040770447490582e-02
2.862200000000000077e+00 2.105499463097140408e-02 0.000000000000000000e+00 1.500041198912303517e-02
2.847199999999999953e+00 2.114745241220262681e-02 0.000000000000000000e+00 1.500041634167156683e-02
2.832199999999999829e+00 2.120981288838606066e-02 0.000000000000000000e+00 1.500042076356145927e-02
2.817200000000000149e+00 2.126149430504649732e-02 0.000000000000000000e+00 1.520260102142912892e-02
2.801800000000000068e+00 2.122111848235677667e-02 0.000000000000000000e+00 1.519827744356420582e-02
2.786799999999999944e+00 2.113194659267143144e-02 0.000000000000000000e+00 1.494989377953454338e-02
2.771900000000000031e+00 2.117491122104899620e-02 0.000000000000000000e+00 1.495097427889528416e-02
2.756899999999999906e+00 2.114618915357303897e-02 0.000000000000000000e+00 1.494989734420286952e-02
2.741999999999999993e+00 2.116848328356075309e-02 0.000000000000000000e+00 1.495098969797563869e-02
2.726999999999999869e+00 2.118409492418084350e-02 0.000000000000000000e+00 1.494990109160689550e-02
2.712099999999999955e+00 2.131637744942099441e-02 0.000000000000000000e+00 1.495100556394916846e-02
2.697099999999999831e+00 2.133933041731019345e-02 0.000000000000000000e+00 1.494990503134129359e-02
2.682199999999999918e+00 2.130064544928405440e-02 0.000000000000000000e+00 1.515330810792545058e-02
2.666799999999999837e+00 2.117898391752544643e-02 0.000000000000000000e+00 1.514764869048594066e-02
2.651899999999999924e+00 2.087643068951202177e-02 0.000000000000000000e+00 1.490047039016069268e-02
2.637000000000000011e+00 2.083294913282293312e-02 0.000000000000000000e+00 1.490047572109660760e-02
2.622100000000000097e+00 2.077600298242632607e-02 0.000000000000000000e+00 1.490048114317287127e-02
2.607200000000000184e+00 2.079981319258211031e-02 0.000000000000000000e+00 1.515341759856912718e-02
2.591800000000000104e+00 2.084322121570303041e-02 0.000000000000000000e+00 1.514759521006195375e-02
2.576900000000000190e+00 2.082793449944531083e-02 0.000000000000000000e+00 1.484991687695312070e-02
2.562100000000000044e+00 2.080195833715997589e-02 0.000000000000000000e+00 1.485107854513556189e-02
2.547200000000000131e+00 2.081281457054667133e-02 0.000000000000000000e+00 1.490050985604618114e-02
2.532300000000000217e+00 2.077210234608427991e-02 0.000000000000000000e+00 1.510292256359652488e-02
2.516999999999999904e+00 2.075133106030142144e-02 0.000000000000000000e+00 1.509814390670758365e-02
2.502099999999999991e+00 2.070384670815964001e-02 0.000000000000000000e+00 1.484992957525791725e-02
2.487299999999999844e+00 2.070015826735727496e-02 0.000000000000000000e+00 1.505357706880584151e-02
2.471999999999999975e+00 2.071590632370706037e-02 0.000000000000000000e+00 1.504751400667425111e-02
2.457199999999999829e+00 2.071102909662554323e-02 0.000000000000000000e+00 1.471139158576045478e-02
